>> Question1a
gamma			error(1)	error(2)
1.000000e-02	8.881784e-16	0.000000e+00
1.000000e-04	-1.101341e-13	0.000000e+00
1.000000e-06	2.875566e-11	0.000000e+00
1.000000e-08	5.024759e-09	0.000000e+00
1.000000e-10	8.274037e-08	0.000000e+00
1.000000e-12	-2.212172e-05	0.000000e+00
1.000000e-14	-7.992778e-04	0.000000e+00
1.000000e-16	1.102230e-01	0.000000e+00
1.000000e-18	-1.000000e+00	0.000000e+00
1.000000e-20	-1.000000e+00	0.000000e+00
>> Question1b
gamma			error(1)	error(2)
1.000000e-02	0.000000e+00	0.000000e+00
1.000000e-04	0.000000e+00	0.000000e+00
1.000000e-06	0.000000e+00	0.000000e+00
1.000000e-08	0.000000e+00	0.000000e+00
1.000000e-10	0.000000e+00	0.000000e+00
1.000000e-12	0.000000e+00	0.000000e+00
1.000000e-14	0.000000e+00	0.000000e+00
1.000000e-16	0.000000e+00	0.000000e+00
1.000000e-18	0.000000e+00	0.000000e+00
1.000000e-20	0.000000e+00	0.000000e+00
>> Question1c
gamma			error(1)	error(2)
1.000000e-02	0.000000e+00	0.000000e+00
1.000000e-04	0.000000e+00	0.000000e+00
1.000000e-06	0.000000e+00	0.000000e+00
1.000000e-08	0.000000e+00	0.000000e+00
1.000000e-10	0.000000e+00	0.000000e+00
1.000000e-12	0.000000e+00	0.000000e+00
1.000000e-14	0.000000e+00	0.000000e+00
1.000000e-16	0.000000e+00	0.000000e+00
1.000000e-18	0.000000e+00	0.000000e+00
1.000000e-20	0.000000e+00	0.000000e+00

>> Question2c
The element with largest absolute value in U2 is 2.
norm(x-x1, inf) = 1
norm(x-x2, inf) = 0

>> Question4

y1 =

     3
     5
     9
     4
    10
     8
     7
     1
     2
     6


q =

     3     5     9     4    10     8     7     1     2     6


y2 =

     3
     5
     9
     4
    10
     8
     7
     1
     2
     6
